bank_transaction_id,bank_operation_date,bank_amount,bank_ref,bank_payment_class,bank_label,customer_transaction_id,customer_accounting_date,customer_amount,customer_total_amount,customer_document_number,customer_external_doc_number,customer_payment_type,customer_description,score
11425,2025-01-03,-48184.719,009914980033,FRS EFFET,PAYEMENT EFFET 030125  009914980033,6379,2025-01-03,-48184.719,-48184.719,EFB250000004,9914980033,FRS EFFET,Paiement Traite Fournisseur,83.75
11437,2025-01-06,-123783.964,010109450483,FRS EFFET,PAYEMENT EFFET 311224  010109450483,6382,2025-01-06,-123783.964,-123783.964,EFB250000005,10109450483,FRS EFFET,Paiement Traite Fournisseur,83.75
11441,2025-01-06,-77536.272,010109463675,FRS EFFET,PAYEMENT EFFET 040125  010109463675,6383,2025-01-06,-77536.272,-77536.272,EFB250000006,10109463675,FRS EFFET,Paiement Traite Fournisseur,83.75
11449,2025-01-06,-276625.92,010109495297,FRS EFFET,PAYEMENT EFFET 050125  010109495297,6385,2025-01-06,-276625.92,-276625.92,EFB250000008,10109495297,FRS EFFET,Paiement Traite Fournisseur,83.75
11453,2025-01-06,-78968.104,,FRS EFFET,REGLEMENT EFFET/ENCAISSEMENT 040125,6386,2025-01-06,-78968.104,-78968.104,EFB250000009,10109463190,FRS EFFET,Paiement Traite Fournisseur,83.75
11461,2025-01-08,-24442.865,010109461250,FRS EFFET,PAYEMENT EFFET 080125  010109461250,6405,2025-01-08,-24442.865,-24442.865,EFB250000020,10109461250,FRS EFFET,Paiement Traite Fournisseur,83.75
11465,2025-01-08,-35964.307,,FRS EFFET,REGLEMENT EFFET ESCOMPTE 080125,6406,2025-01-08,-35964.307,-35964.307,EFB250000021,10109487343,FRS EFFET,Paiement Traite Fournisseur,83.75
11470,2025-01-13,-82557.13,010109464354,FRS EFFET,PAYEMENT EFFET 120125  010109464354,6423,2025-01-13,-82557.13,-82557.13,EFB250000029,10109464354,FRS EFFET,Paiement Traite Fournisseur,83.75
11474,2025-01-13,-211194.171,,FRS EFFET,REGLEMENT EFFET ESCOMPTE 110125,6422,2025-01-13,-211194.171,-211194.171,EFB240000751,10109461347,FRS EFFET,Paiement Traite Fournisseur,83.75
11478,2025-01-13,342783.739,,CLT EFFET,REMISE EFFETS/ESCOMPTE AGENCE REMISE N:1,6410,2025-01-13,87672.201,342783.739,BEB24000096,10155409180,CLT EFFET,Validation Effet escompté en Banque,83.75
11488,2025-01-15,43248.105,,CLT EFFET,REMISE EFFETS/ESCOMPTE AGENCE REMISE N:1,6436,2025-01-15,19585.061,43248.105,BEB24000129,10155408889,CLT EFFET,Validation Effet escompté en Banque,83.75
11489,2025-01-15,-972.0,4882440,FRS CHQ,PAYEMENT CHEQUE 4882440 PAYEMENT CHEQUE,6435,2025-01-15,-972.0,-972.0,CHP250000105,4882440,FRS CHQ,Paiement ChèquesFournisseur,83.75
11491,2025-01-15,-15422.03,4882428,FRS CHQ,PAYEMENT CHEQUE 4882428 PAYEMENT CHEQUE,6433,2025-01-15,-15422.03,-15422.03,CHP250000103,4882428,FRS CHQ,Paiement ChèquesFournisseur,83.75
11492,2025-01-15,-17112.411,4882429,FRS CHQ,PAYEMENT CHEQUE 4882429 PAYEMENT CHEQUE,6432,2025-01-15,-17112.411,-17112.411,CHP250000102,4882429,FRS CHQ,Paiement ChèquesFournisseur,83.75
11496,2025-01-15,-230144.924,009914978190,FRS EFFET,PAYEMENT EFFET 150125  009914978190,6430,2025-01-15,-230144.924,-230144.924,EFB250000037,9914878190,FRS EFFET,Paiement Traite Fournisseur,83.75
11504,2025-01-15,-59389.739,010109458728,FRS EFFET,PAYEMENT EFFET 150125  010109458728,6429,2025-01-15,-59389.739,-59389.739,EFB250000036,10109458728,FRS EFFET,Paiement Traite Fournisseur,83.75
11508,2025-01-16,-207.58,4882442,FRS CHQ,PAYEMENT CHEQUE 4882442 PAYEMENT CHEQUE,6441,2025-01-16,-207.58,-207.58,CHP250000041,4882442,FRS CHQ,Paiement ChèquesFournisseur,83.75
11520,2025-01-17,-6639.056,4882438,FRS CHQ,PAYEMENT CHEQUE 4882438 PAYEMENT CHEQUE,6445,2025-01-17,-6639.056,-6639.056,CHP250000044,4882438,FRS CHQ,Paiement ChèquesFournisseur,83.75
11522,2025-01-17,-7708.82,4882432,FRS CHQ,PAYEMENT CHEQUE 4882432 PAYEMENT CHEQUE,6443,2025-01-17,-7708.82,-7708.82,CHP250000042,4882432,FRS CHQ,Paiement ChèquesFournisseur,83.75
11527,2025-01-20,7883.77,,CLT EFFET,REMISE EFFETS/ESCOMPTE AGENCE REMISE N:3,6487,2025-01-20,7883.77,7883.77,BEB24000128,10155327894,CLT EFFET,Validation Effet escompté en Banque,83.75
11528,2025-01-20,189083.936,,CLT EFFET,REMISE EFFETS/ESCOMPTE AGENCE REMISE N:2,6475,2025-01-20,22917.219,189083.936,BEB24000127,10155337788,CLT EFFET,Validation Effet escompté en Banque,83.75
11529,2025-01-20,-3772.245,4882439,FRS CHQ,PAYEMENT CHEQUE 4882439 PAYEMENT CHEQUE,6474,2025-01-20,-3772.245,-3772.245,CHP250000050,4882439,FRS CHQ,Paiement ChèquesFournisseur,83.75
11533,2025-01-20,-250.817,010109495588,FRS EFFET,PAYEMENT EFFET 190125  010109495588,6471,2025-01-20,-250.817,-250.817,EFB250000046,10109495588,FRS EFFET,Paiement Traite Fournisseur,83.75
11541,2025-01-20,-125028.982,009914945501,FRS EFFET,PAYEMENT EFFET 200125  009914945501,6470,2025-01-20,-125028.982,-125028.982,EFB250000045,9914945501,FRS EFFET,Paiement Traite Fournisseur,83.75
11545,2025-01-20,-178267.966,009914954910,FRS EFFET,PAYEMENT EFFET 180125  009914954910,6469,2025-01-20,-178267.966,-178267.966,EFB250000044,9914954910,FRS EFFET,Paiement Traite Fournisseur,83.75
11549,2025-01-20,-51370.527,010109455624,FRS EFFET,PAYEMENT EFFET 180125  010109455624,6468,2025-01-20,-51370.527,-51370.527,EFB250000043,10109455624,FRS EFFET,Paiement Traite Fournisseur,83.75
11559,2025-01-21,-170.577,4882443,FRS CHQ,PAYEMENT CHEQUE 4882443 PAYEMENT CHEQUE,6496,2025-01-21,-170.577,-170.577,CHP250000059,4882443,FRS CHQ,Paiement ChèquesFournisseur,83.75
11560,2025-01-21,-12716.77,4882380,FRS CHQ,PAYEMENT CHEQUE 4882380 PAYEMENT CHEQUE,6495,2025-01-21,-12716.77,-12716.77,CHP250000058,4882380,FRS CHQ,Paiement ChèquesFournisseur,83.75
11561,2025-01-21,-2876.05,4882381,FRS CHQ,PAYEMENT CHEQUE 4882381 PAYEMENT CHEQUE,6494,2025-01-21,-2876.05,-2876.05,CHP250000057,4882381,FRS CHQ,Paiement ChèquesFournisseur,83.75
11562,2025-01-21,-7621.884,4882376,FRS CHQ,PAYEMENT CHEQUE 4882376 PAYEMENT CHEQUE,6493,2025-01-21,-7621.884,-7621.884,CHP250000056,4882376,FRS CHQ,Paiement ChèquesFournisseur,83.75
11567,2025-01-21,-130982.397,010109458340,FRS EFFET,PAYEMENT EFFET 210125  010109458340,6491,2025-01-21,-130982.397,-130982.397,EFB250000047,10109458340,FRS EFFET,Paiement Traite Fournisseur,83.75
11570,2025-01-21,-28750.0,10155321395,CLT EFFET,REPRISE ESCOMPTE EFFET REJETE 200125 LCN 10155321395,6497,2025-01-21,-28750.0,-28750.0,BVC250000205,10155321395,CLT EFFET,Valider Impayé via escompte,83.75
11581,2025-01-22,-18732.78,4882390,FRS CHQ,PAYEMENT CHEQUE 4882390 PAYEMENT CHEQUE,6507,2025-01-22,-18732.78,-18732.78,CHP250000071,4882390,FRS CHQ,Paiement ChèquesFournisseur,83.75
11583,2025-01-22,-1532.392,4882437,FRS CHQ,PAYEMENT CHEQUE 4882437 PAYEMENT CHEQUE,6505,2025-01-22,-1532.392,-1532.392,CHP250000069,4882437,FRS CHQ,Paiement ChèquesFournisseur,83.75
11584,2025-01-22,-4078.312,4882382,FRS CHQ,PAYEMENT CHEQUE 4882382 PAYEMENT CHEQUE,6504,2025-01-22,-4078.312,-4078.312,CHP250000068,4882382,FRS CHQ,Paiement ChèquesFournisseur,83.75
11585,2025-01-22,-584.1,4882399,FRS CHQ,PAYEMENT CHEQUE 4882399 PAYEMENT CHEQUE,6503,2025-01-22,-584.1,-584.1,CHP250000067,4882399,FRS CHQ,Paiement ChèquesFournisseur,83.75
11586,2025-01-22,-10078.784,4882395,FRS CHQ,PAYEMENT CHEQUE 4882395 PAYEMENT CHEQUE,6502,2025-01-22,-10078.784,-10078.784,CHP250000066,4882395,FRS CHQ,Paiement ChèquesFournisseur,83.75
11587,2025-01-22,-262.8,4882397,FRS CHQ,PAYEMENT CHEQUE 4882397 PAYEMENT CHEQUE,6501,2025-01-22,-262.8,-262.8,CHP250000065,nan,FRS CHQ,Paiement ChèquesFournisseur,83.75
11591,2025-01-22,-20957.613,009914945307,FRS EFFET,PAYEMENT EFFET 220125  009914945307,6500,2025-01-22,-20957.613,-20957.613,EFB250000048,9914945307,FRS EFFET,Paiement Traite Fournisseur,83.75
11595,2025-01-22,54139.265,0000078,CLT CHQ,ENCAISSEMENT REMISE CHEQUES DU 21 01 2025 Bordereau No0000078,6489,2025-01-21,54139.265,54139.265,BVC250000078,393140,CLT CHQ,Chèque en Banque,82.5
11597,2025-01-23,-982.771,4882394,FRS CHQ,PAYEMENT CHEQUE 4882394 PAYEMENT CHEQUE,6515,2025-01-24,-982.771,-982.771,CHP250000073,4882394,FRS CHQ,Paiement ChèquesFournisseur,82.5
11608,2025-01-24,-3994.435,4882385,FRS CHQ,PAYEMENT CHEQUE 4882385 PAYEMENT CHEQUE,6516,2025-01-24,-3994.435,-3994.435,CHP250000074,4882385,FRS CHQ,Paiement ChèquesFournisseur,83.75
11609,2025-01-24,-2498.345,4882398,FRS CHQ,PAYEMENT CHEQUE 4882398 PAYEMENT CHEQUE,6517,2025-01-24,-2498.345,-2498.345,CHP250000075,4882398,FRS CHQ,Paiement ChèquesFournisseur,83.75
11612,2025-01-24,15081.92,4211211,CLT VIR,VIREMENT REÇU 4211211   PHARMACIE ESSBOUI FAROUK,6512,2025-01-23,15081.92,15081.92,VICL210269,1,CLT VIR,Virement Reçu,82.5
11615,2025-01-24,12807.107,4211212,CLT VIR,VIREMENT REÇU 4211212   PHARMACIE ESSBOUI FAROUK,6511,2025-01-23,12807.107,12807.107,VICL210268,1,CLT VIR,Virement Reçu,82.5
11616,2025-01-27,-11940.682,4882396,FRS CHQ,PAYEMENT CHEQUE 4882396 PAYEMENT CHEQUE,6524,2025-01-27,-11940.682,-11940.682,CHP250000080,4882396,FRS CHQ,Paiement ChèquesFournisseur,83.75
11617,2025-01-27,-3314.956,4882412,FRS CHQ,PAYEMENT CHEQUE 4882412 PAYEMENT CHEQUE,6523,2025-01-27,-3314.956,-3314.956,CHP250000079,4882412,FRS CHQ,Paiement ChèquesFournisseur,83.75
11618,2025-01-27,-19456.546,4882387,FRS CHQ,PAYEMENT CHEQUE 4882387 PAYEMENT CHEQUE,6522,2025-01-27,-19456.546,-19456.546,CHP250000078,4882387,FRS CHQ,Paiement ChèquesFournisseur,83.75
11620,2025-01-27,143707.915,,CLT EFFET,REMISE EFFETS/ESCOMPTE AGENCE REMISE N:1,6526,2025-01-27,26408.461,143707.915,BEB24000130,10155428580,CLT EFFET,Validation Effet escompté en Banque,83.75
11628,2025-01-27,-23728.0,009914989636,FRS EFFET,PAYEMENT EFFET 250125  009914989636,6520,2025-01-27,-23728.0,-23728.0,EFB250000053,9914989636,FRS EFFET,Paiement Traite Fournisseur,83.75
11637,2025-01-28,-1654.686,4882411,FRS CHQ,PAYEMENT CHEQUE 4882411 PAYEMENT CHEQUE,6548,2025-01-28,-1654.686,-1654.686,CHP250000092,4882411,FRS CHQ,Paiement ChèquesFournisseur,83.75
11638,2025-01-28,-50274.556,4882383,FRS CHQ,PAYEMENT CHEQUE 4882383 PAYEMENT CHEQUE,6547,2025-01-28,-50274.556,-50274.556,CHP250000091,4882383,FRS CHQ,Paiement ChèquesFournisseur,83.75
11639,2025-01-28,-119.748,4882400,FRS CHQ,PAYEMENT CHEQUE 4882400 PAYEMENT CHEQUE,6546,2025-01-28,-119.748,-119.748,CHP250000090,4882400,FRS CHQ,Paiement ChèquesFournisseur,83.75
11640,2025-01-28,-2892.528,4882404,FRS CHQ,PAYEMENT CHEQUE 4882404 PAYEMENT CHEQUE,6545,2025-01-28,-2892.528,-2892.528,CHP250000089,4882404,FRS CHQ,Paiement ChèquesFournisseur,83.75
11641,2025-01-28,-2478.817,4882389,FRS CHQ,PAYEMENT CHEQUE 4882389 PAYEMENT CHEQUE,6544,2025-01-28,-2478.817,-2478.817,CHP250000088,4882389,FRS CHQ,Paiement ChèquesFournisseur,83.75
11643,2025-01-28,-4937.959,4882415,FRS CHQ,PAYEMENT CHEQUE 4882415 PAYEMENT CHEQUE,6542,2025-01-28,-4937.959,-4937.959,CHP250000086,4882415,FRS CHQ,Paiement ChèquesFournisseur,83.75
11644,2025-01-28,-2708.931,4882377,FRS CHQ,PAYEMENT CHEQUE 4882377 PAYEMENT CHEQUE,6541,2025-01-28,-2708.931,-2708.931,CHP250000085,4882377,FRS CHQ,Paiement ChèquesFournisseur,83.75
11645,2025-01-28,-1520.108,4882384,FRS CHQ,PAYEMENT CHEQUE 4882384 PAYEMENT CHEQUE,6540,2025-01-28,-1520.108,-1520.108,CHP250000084,4882384,FRS CHQ,Paiement ChèquesFournisseur,83.75
11646,2025-01-28,-32403.452,4882393,FRS CHQ,PAYEMENT CHEQUE 4882393 PAYEMENT CHEQUE,6539,2025-01-28,-32403.452,-32403.452,CHP250000083,4882393,FRS CHQ,Paiement ChèquesFournisseur,83.75
11654,2025-01-28,-124542.244,010109485985,FRS EFFET,PAYEMENT EFFET 280125  010109485985,6538,2025-01-28,-124542.244,-124542.244,EFB240000763,10109485985,FRS EFFET,Paiement Traite Fournisseur,83.75
11658,2025-01-28,-15535.314,010155406270,FRS EFFET,PAYEMENT EFFET 280125  010155406270,6537,2025-01-28,-15535.314,-15535.314,EFB250000058,10155406270,FRS EFFET,Paiement Traite Fournisseur,83.75
11663,2025-01-29,-6171.464,4882406,FRS CHQ,PAYEMENT CHEQUE 4882406 PAYEMENT CHEQUE,6553,2025-01-29,-6171.464,-6171.464,CHP250000095,4882406,FRS CHQ,Paiement ChèquesFournisseur,83.75
11664,2025-01-29,-6109.197,4882410,FRS CHQ,PAYEMENT CHEQUE 4882410 PAYEMENT CHEQUE,6552,2025-01-29,-6109.197,-6109.197,CHP250000094,4882410,FRS CHQ,Paiement ChèquesFournisseur,83.75
11667,2025-01-30,-166357.883,20250008633,FRS VIR,VIREMENT DÉPART ORD VERS VGM VIR:20250008633,6560,2025-01-31,-166357.883,-166357.883,BVC250000126,1,FRS VIR,Virement validé,82.5
11671,2025-01-30,-120647.832,4882386,FRS CHQ,PAYEMENT CHEQUE 4882386 PAYEMENT CHEQUE,6557,2025-01-30,-120647.832,-120647.832,CHP250000101,4882386,FRS CHQ,Paiement ChèquesFournisseur,83.75
11673,2025-01-30,-23405.07,4882408,FRS CHQ,PAYEMENT CHEQUE 4882408 PAYEMENT CHEQUE,6555,2025-01-30,-23405.07,-23405.07,CHP250000099,4882408,FRS CHQ,Paiement ChèquesFournisseur,83.75
11674,2025-01-30,-191.393,4882403,FRS CHQ,PAYEMENT CHEQUE 4882403 PAYEMENT CHEQUE,6554,2025-01-30,-191.393,-191.393,CHP250000098,4882403,FRS CHQ,Paiement ChèquesFournisseur,83.75
11702,2025-02-03,-101199.671,010109483948,FRS EFFET,PAYEMENT EFFET 010225  010109483948,6570,2025-02-03,-101199.671,-101199.671,EFB240000759,10109483948,FRS EFFET,Paiement Traite Fournisseur,83.75
11706,2025-02-03,-52383.515,009914954231,FRS EFFET,PAYEMENT EFFET 010225  009914954231,6569,2025-02-03,-52383.515,-52383.515,EFB250000070,9914954231,FRS EFFET,Paiement Traite Fournisseur,83.75
11725,2025-02-03,52816.922,,CLT EFFET,REMISE EFFETS/ESCOMPTE AGENCE REMISE N:3,6573,2025-02-03,26408.461,52816.922,BEB24000135,10155428774,CLT EFFET,Validation Effet escompté en Banque,83.75
11726,2025-02-03,156262.211,,CLT EFFET,REMISE EFFETS/ESCOMPTE AGENCE REMISE N:2,6575,2025-02-03,4569.264,156262.211,BEB24000136,10155417619,CLT EFFET,Validation Effet escompté en Banque,83.75
11744,2025-02-05,-123859.624,010109453296,FRS EFFET,PAYEMENT EFFET 050225  010109453296,6589,2025-02-05,-123859.624,-123859.624,EFB250000080,10109453296,FRS EFFET,Paiement Traite Fournisseur,83.75
11754,2025-02-05,10341.328,4288926,CLT VIR,VIREMENT REÇU 4288926   PHARMACIE ESSBOUI FAROUK,6598,2025-02-05,10341.328,10341.328,VICL210394,1,CLT VIR,Virement Reçu,83.75
11766,2025-02-07,-347329.26,010155401323,FRS EFFET,PAYEMENT EFFET 070225  010155401323,6601,2025-02-07,-347329.26,-347329.26,EFB250000082,10155401323,FRS EFFET,Paiement Traite Fournisseur,83.75
11770,2025-02-07,-88147.025,010155400935,FRS EFFET,PAYEMENT EFFET 070225  010155400935,6600,2025-02-07,-88147.025,-88147.025,EFB250000081,10155400935,FRS EFFET,Paiement Traite Fournisseur,83.75
11778,2025-02-10,-66832.3,010155405785,FRS EFFET,PAYEMENT EFFET 080225  010155405785,6620,2025-02-10,-66832.3,-66832.3,EFB250000090,10155405785,FRS EFFET,Paiement Traite Fournisseur,83.75
11783,2025-02-11,-66778.315,010109496752,FRS EFFET,PAYEMENT EFFET 110225  010109496752,6623,2025-02-11,-66778.315,-66778.315,EFB250000093,10109496752,FRS EFFET,Paiement Traite Fournisseur,83.75
11787,2025-02-11,-80991.43,,FRS EFFET,REGLEMENT EFFET ESCOMPTE 110225,6622,2025-02-11,-80991.43,-80991.43,EFB250000092,10109451453,FRS EFFET,Paiement Traite Fournisseur,83.75
11793,2025-02-11,-28750.0,10155322171,CLT EFFET,REPRISE ESCOMPTE EFFET REJETE 100225 LCN 10155322171,6635,2025-02-11,-28750.0,-28750.0,BVC250000354,10155322171,CLT EFFET,Valider Impayé via escompte,83.75
11816,2025-02-14,-38457.54,,FRS EFFET,REGLEMENT EFFET ESCOMPTE 140225,6638,2025-02-14,-38457.54,-38457.54,EFB250000094,10109484627,FRS EFFET,Paiement Traite Fournisseur,83.75
11834,2025-02-17,-59297.667,009914988860,FRS EFFET,PAYEMENT EFFET 170225  009914988860,6648,2025-02-17,-59297.667,-59297.667,EFB250000103,9914988860,FRS EFFET,Paiement Traite Fournisseur,83.75
11838,2025-02-17,-124886.799,010109484045,FRS EFFET,PAYEMENT EFFET 150225  010109484045,6650,2025-02-17,-124886.799,-124886.799,EFB240000760,10109484045,FRS EFFET,Paiement Traite Fournisseur,83.75
11842,2025-02-17,-23614.39,,FRS EFFET,REGLEMENT EFFET ESCOMPTE 160225,6649,2025-02-17,-23614.39,-23614.39,EFB250000104,9914978772,FRS EFFET,Paiement Traite Fournisseur,83.75
11862,2025-02-18,-27470.888,010155413060,FRS EFFET,PAYEMENT EFFET 180225  010155413060,6681,2025-02-18,-27470.888,-27470.888,EFB250000110,10155413060,FRS EFFET,Paiement Traite Fournisseur,83.75
11879,2025-02-19,-204061.887,010109460086,FRS EFFET,PAYEMENT EFFET 190225  010109460086,6685,2025-02-19,-204061.887,-204061.887,EFB240000756,10109460086,FRS EFFET,Paiement Traite Fournisseur,83.75
11883,2025-02-19,-58177.817,010155401420,FRS EFFET,PAYEMENT EFFET 190225  010155401420,6686,2025-02-19,-58177.817,-58177.817,EFB250000115,10155401420,FRS EFFET,Paiement Traite Fournisseur,83.75
11892,2025-02-21,-187375.762,009914946665,FRS EFFET,PAYEMENT EFFET 020225  009914946665,6688,2025-02-21,-187375.762,-187375.762,EFB250000122,9914946665,FRS EFFET,Paiement Traite Fournisseur,83.75
11896,2025-02-21,-24248.179,010155405591,FRS EFFET,PAYEMENT EFFET 160225  010155405591,6690,2025-02-21,-24248.179,-24248.179,EFB250000124,10155405591,FRS EFFET,Paiement Traite Fournisseur,83.75
11900,2025-02-21,-32962.557,010155400741,FRS EFFET,PAYEMENT EFFET 010225  010155400741,6689,2025-02-21,-32962.557,-32962.557,EFB250000123,10155400741,FRS EFFET,Paiement Traite Fournisseur,83.75
11911,2025-02-24,-90286.092,009914946180,FRS EFFET,PAYEMENT EFFET 230225  009914946180,6694,2025-02-24,-90286.092,-90286.092,EFB250000127,9914946180,FRS EFFET,Paiement Traite Fournisseur,83.75
11912,2025-02-25,255965.471,,CLT EFFET,REMISE EFFETS/ESCOMPTE AGENCE REMISE N:1,6704,2025-02-25,18887.812,255965.471,BEB24000151,10155453994,CLT EFFET,Validation Effet escompté en Banque,83.75
11916,2025-02-25,-5321.375,010155410247,FRS EFFET,PAYEMENT EFFET 250225  010155410247,6719,2025-02-25,-5321.375,-5321.375,EFB250000140,10155410247,FRS EFFET,Paiement Traite Fournisseur,83.75
11920,2025-02-25,-117847.311,010155400450,FRS EFFET,PAYEMENT EFFET 250225  010155400450,6718,2025-02-25,-117847.311,-117847.311,EFB250000139,10155400450,FRS EFFET,Paiement Traite Fournisseur,83.75
11927,2025-02-25,-28750.0,10155322850,CLT EFFET,REPRISE ESCOMPTE EFFET REJETE 240225 LCN 10155322850,6720,2025-02-25,-28750.0,-28750.0,BVC250000355,10155322850,CLT EFFET,Valider Impayé via escompte,83.75
11940,2025-02-26,-44902.779,010109483560,FRS EFFET,PAYEMENT EFFET 260225  010109483560,6721,2025-02-26,-44902.779,-44902.779,EFB250000141,10109483560,FRS EFFET,Paiement Traite Fournisseur,83.75
11943,2025-02-27,-145819.821,20250014759,FRS VIR,VIREMENT DÉPART ORD VERS VGM VIR:20250014759,6729,2025-02-27,-145819.821,-145819.821,BVC250000256,1,FRS VIR,Virement validé,83.75
11946,2025-02-27,-145819.821,20250014754,FRS VIR,VIREMENT DÉPART ORD VERS VGM VIR:20250014754,6729,2025-02-27,-145819.821,-145819.821,BVC250000256,1,FRS VIR,Virement validé,83.75
11955,2025-02-27,-27567.983,010109488410,FRS EFFET,PAYEMENT EFFET 270225  010109488410,6731,2025-02-27,-27567.983,-27567.983,EFB250000149,10109488410,FRS EFFET,Paiement Traite Fournisseur,83.75
11962,2025-02-27,4956.181,0358452,CLT CHQ,ENCAISSEMENT REMISE CHEQUES DU 26 02 2025 Bordereau No0358452,6722,2025-02-26,4956.181,4956.181,BVC250000285,8070129,CLT CHQ,Chèque en Banque,82.5
11970,2025-02-28,-22821.606,010155413739,FRS EFFET,PAYEMENT EFFET 280225  010155413739,6741,2025-02-28,-22821.606,-22821.606,EFB250000160,10155413739,FRS EFFET,Paiement Traite Fournisseur,83.75
11973,2025-02-28,15830.779,2500251,CLT CHQ,ENCAISSEMENT REMISE CHEQUES DU 27 02 2025 Bordereau No2500251,6724,2025-02-27,9000.0,15830.779,BVC250000251,2005,CLT CHQ,Chèque en Banque,82.5
11988,2025-03-03,-38457.54,,FRS EFFET,REGLEMENT EFFET ESCOMPTE 010325,6747,2025-03-03,-38457.54,-38457.54,EFB250000164,10109484821,FRS EFFET,Paiement Traite Fournisseur,83.75
11992,2025-03-03,-5396.688,010155419753,FRS EFFET,PAYEMENT EFFET 280225  010155419753,6746,2025-03-03,-5396.688,-5396.688,EFB250000163,10155419753,FRS EFFET,Paiement Traite Fournisseur,83.75
11996,2025-03-03,-28331.13,010155428289,FRS EFFET,PAYEMENT EFFET 010325  010155428289,6745,2025-03-03,-28331.13,-28331.13,EFB250000162,10155428289,FRS EFFET,Paiement Traite Fournisseur,83.75
12021,2025-03-03,-33100.0,10155346906,CLT EFFET,REPRISE ESCOMPTE EFFET REJETE 280225 LCN 10155346906,6749,2025-03-03,-33100.0,-33100.0,BVC250000426,10155346906,CLT EFFET,Valider Impayé via escompte,83.75
12024,2025-03-03,11156.346,2500261,CLT CHQ,ENCAISSEMENT REMISE CHEQUES DU 28 02 2025 Bordereau No2500261,6739,2025-02-28,8845.04,11156.346,BVC250000261,9383534,CLT CHQ,Chèque en Banque,82.5
12058,2025-03-04,-146790.531,009914954522,FRS EFFET,PAYEMENT EFFET 040325  009914954522,6767,2025-03-04,-146790.531,-146790.531,EFB250000169,9914954522,FRS EFFET,Paiement Traite Fournisseur,83.75
12062,2025-03-04,-19873.473,010109488992,FRS EFFET,PAYEMENT EFFET 040325  010109488992,6766,2025-03-04,-19873.473,-19873.473,EFB250000168,10109488992,FRS EFFET,Paiement Traite Fournisseur,83.75
12063,2025-03-05,155194.191,,CLT EFFET,REMISE EFFETS/ESCOMPTE AGENCE REMISE N:3,6788,2025-03-05,17341.261,155194.191,BEB24000157,10155452345,CLT EFFET,Validation Effet escompté en Banque,83.75
12067,2025-03-05,-164175.0,010109488604,FRS EFFET,PAYEMENT EFFET 050325  010109488604,6781,2025-03-05,-164175.0,-164175.0,EFB240000766,10109488604,FRS EFFET,Paiement Traite Fournisseur,83.75
12071,2025-03-05,-1296.438,010155418977,FRS EFFET,PAYEMENT EFFET 280225  010155418977,6792,2025-03-05,-1296.438,-1296.438,EFB250000289,10155418977,FRS EFFET,Paiement Traite Fournisseur,83.75
12074,2025-03-05,26756.905,0298356,CLT CHQ,ENCAISSEMENT REMISE CHEQUES DU 03 03 2025 Bordereau No0298356,6769,2025-03-04,571.48,26756.905,BVC250000267,35,CLT CHQ,Chèque en Banque,82.5
12077,2025-03-05,16746.382,4454683,CLT VIR,VIREMENT REÇU 4454683   PHARMACIE ESSBOUI FAROUK,6791,2025-03-05,16746.382,16746.382,VICL210436,50325,CLT VIR,Virement Reçu,83.75
12081,2025-03-07,195891.385,,CLT EFFET,REMISE EFFETS/ESCOMPTE AGENCE REMISE N:4,6796,2025-03-07,37129.773,195891.385,BEB24000182,10155440705,CLT EFFET,Validation Effet escompté en Banque,83.75
12086,2025-03-07,-49492.765,,FRS EFFET,REGLEMENT EFFET ESCOMPTE 070325,6795,2025-03-07,-49492.765,-49492.765,EFB250000170,10155402972,FRS EFFET,Paiement Traite Fournisseur,83.75
12097,2025-03-10,-79296.034,009914953649,FRS EFFET,PAYEMENT EFFET 090325  009914953649,6803,2025-03-10,-79296.034,-79296.034,EFB250000172,9914953649,FRS EFFET,Paiement Traite Fournisseur,83.75
12100,2025-03-10,-28750.0,10155323044,CLT EFFET,REPRISE ESCOMPTE EFFET REJETE 070325 LCN 10155323044,6818,2025-03-10,-28750.0,-28750.0,BVC250000409,10155323044,CLT EFFET,Valider Impayé via escompte,83.75
12104,2025-03-11,-33100.0,10155346421,CLT EFFET,REPRISE ESCOMPTE EFFET REJETE 100325 LCN 10155346421,6819,2025-03-11,-33100.0,-33100.0,BVC250000427,10155346421,CLT EFFET,Valider Impayé via escompte,83.75
12111,2025-03-12,-139531.474,010155410926,FRS EFFET,PAYEMENT EFFET 120325  010155410926,6822,2025-03-12,-139531.474,-139531.474,EFB250000174,10155410926,FRS EFFET,Paiement Traite Fournisseur,83.75
12115,2025-03-12,-47193.158,010155427707,FRS EFFET,PAYEMENT EFFET 120325  010155427707,6823,2025-03-12,-47193.158,-47193.158,EFB250000175,10155427707,FRS EFFET,Paiement Traite Fournisseur,83.75
12123,2025-03-13,-54417.833,010155402293,FRS EFFET,PAYEMENT EFFET 130325  010155402293,6825,2025-03-13,-54417.833,-54417.833,EFB250000180,10155402293,FRS EFFET,Paiement Traite Fournisseur,83.75
12128,2025-03-14,-22260.724,010109496267,FRS EFFET,PAYEMENT EFFET 140325  010109496267,6828,2025-03-14,-22260.724,-22260.724,EFB250000181,10109496267,FRS EFFET,Paiement Traite Fournisseur,83.75
12131,2025-03-14,61234.784,5796358,CLT VIR,VIREMENT REÇU 5796358   ANANE HATEM BEN SADOK,6824,2025-03-13,61234.784,61234.784,VICL210374,1,CLT VIR,Virement Reçu,82.5
12139,2025-03-17,-78395.803,010155414612,FRS EFFET,PAYEMENT EFFET 170325  010155414612,6831,2025-03-17,-78395.803,-78395.803,EFB250000188,10155414612,FRS EFFET,Paiement Traite Fournisseur,83.75
12162,2025-03-18,-33100.0,10155346518,CLT EFFET,REPRISE ESCOMPTE EFFET REJETE 170325 LCN 10155346518,6865,2025-03-18,-33100.0,-33100.0,BVC250000428,10155346518,CLT EFFET,Valider Impayé via escompte,83.75
12171,2025-03-19,-236447.297,010155427416,FRS EFFET,PAYEMENT EFFET 190325  010155427416,6883,2025-03-19,-236447.297,-236447.297,EFB250000196,10155427416,FRS EFFET,Paiement Traite Fournisseur,83.75
12175,2025-03-19,-50157.283,010155414515,FRS EFFET,PAYEMENT EFFET 190325  010155414515,6881,2025-03-19,-50157.283,-50157.283,EFB250000194,10155414515,FRS EFFET,Paiement Traite Fournisseur,83.75
12179,2025-03-19,-131300.4,010155411314,FRS EFFET,PAYEMENT EFFET 030325  010155411314,6880,2025-03-19,-131300.4,-131300.4,EFB250000193,10155411314,FRS EFFET,Paiement Traite Fournisseur,83.75
12183,2025-03-19,-49386.275,010109496461,FRS EFFET,PAYEMENT EFFET 190325  010109496461,6882,2025-03-19,-49386.275,-49386.275,EFB250000195,10109496461,FRS EFFET,Paiement Traite Fournisseur,83.75
12187,2025-03-19,-43385.172,009914952194,FRS EFFET,PAYEMENT EFFET 190325  009914952194,6884,2025-03-19,-43385.172,-43385.172,EFB250000197,9914952194,FRS EFFET,Paiement Traite Fournisseur,83.75
12191,2025-03-19,-293666.344,,FRS EFFET,REGLEMENT EFFET ESCOMPTE 190325,6885,2025-03-19,-293666.344,-293666.344,EFB250000198,9914945113,FRS EFFET,Paiement Traite Fournisseur,83.75
12201,2025-03-21,-135994.498,010155414806,FRS EFFET,PAYEMENT EFFET 210325  010155414806,6888,2025-03-21,-135994.498,-135994.498,EFB250000213,10155414806,FRS EFFET,Paiement Traite Fournisseur,83.75
12209,2025-03-24,18719.325,,CLT EFFET,PAYEMENT EFFET/ENCAISSEMENT LCN 010109449707,6899,2025-03-24,18719.325,18719.325,BEB24000204,1,CLT EFFET,Validation Effet escompté en Banque,83.75
12215,2025-03-25,-33100.0,10155346809,CLT EFFET,REPRISE ESCOMPTE EFFET REJETE 240325 LCN 10155346809,6898,2025-03-24,-33100.0,-33100.0,BVC250000430,10155346712,CLT EFFET,Valider Impayé via escompte,82.5
12219,2025-03-26,-452912.016,,FRS EFFET,REGLEMENT EFFET/ENCAISSEMENT 120325,6902,2025-03-26,-452912.016,-452912.016,EFB250000219,10155414321,FRS EFFET,Paiement Traite Fournisseur,83.75
12237,2025-03-28,61734.653,,CLT EFFET,REMISE EFFETS/ESCOMPTE AGENCE REMISE N:2,6915,2025-03-28,7854.879,61734.653,BEB24000183,10396945679,CLT EFFET,Validation Effet escompté en Banque,83.75
12241,2025-03-28,-42131.281,009914954619,FRS EFFET,PAYEMENT EFFET 280325  009914954619,6913,2025-03-28,-42131.281,-42131.281,EFB250000223,9914954619,FRS EFFET,Paiement Traite Fournisseur,83.75
12245,2025-03-28,-115600.637,,FRS EFFET,REGLEMENT EFFET ESCOMPTE 280325,6914,2025-03-28,-115600.637,-115600.637,EFB250000224,10155406464,FRS EFFET,Paiement Traite Fournisseur,83.75
12251,2025-04-02,-38457.54,,FRS EFFET,REGLEMENT EFFET ESCOMPTE 310325,6930,2025-04-02,-38457.54,-38457.54,EFB250000244,10109485015,FRS EFFET,Paiement Traite Fournisseur,83.75
12255,2025-04-02,-55089.424,,FRS EFFET,REGLEMENT EFFET ESCOMPTE 290325,6929,2025-04-02,-55089.424,-55089.424,EFB250000243,10155402390,FRS EFFET,Paiement Traite Fournisseur,83.75
12262,2025-04-02,-98852.614,010155425379,FRS EFFET,PAYEMENT EFFET 010425  010155425379,6928,2025-04-02,-98852.614,-98852.614,EFB250000242,10155425379,FRS EFFET,Paiement Traite Fournisseur,83.75
12266,2025-04-02,-21125.122,010155421887,FRS EFFET,PAYEMENT EFFET 290325  010155421887,6927,2025-04-02,-21125.122,-21125.122,EFB250000241,10155421887,FRS EFFET,Paiement Traite Fournisseur,83.75
12270,2025-04-02,-103902.248,010155411605,FRS EFFET,PAYEMENT EFFET 300325  010155411605,6926,2025-04-02,-103902.248,-103902.248,EFB250000240,10155411605,FRS EFFET,Paiement Traite Fournisseur,83.75
12274,2025-04-02,-67883.978,010155413545,FRS EFFET,PAYEMENT EFFET 310325  010155413545,6925,2025-04-02,-67883.978,-67883.978,EFB250000239,10155413545,FRS EFFET,Paiement Traite Fournisseur,83.75
12282,2025-04-02,-75749.478,010155416746,FRS EFFET,PAYEMENT EFFET 310325  010155416746,6923,2025-04-02,-75749.478,-75749.478,EFB250000237,10155416746,FRS EFFET,Paiement Traite Fournisseur,83.75
12310,2025-04-03,-21847.528,,FRS EFFET,REGLEMENT EFFET/ENCAISSEMENT 150325,6955,2025-04-03,-21847.528,-21847.528,EFB250000320,9868046971,FRS EFFET,Paiement Traite Fournisseur,83.75
12439,2025-04-21,-92209.043,,FRS EFFET,REGLEMENT EFFET ESCOMPTE 200425,7069,2025-04-21,-92209.043,-92209.043,EFB250000291,10155420432,FRS EFFET,Paiement Traite Fournisseur,83.75
12326,2025-04-03,369567.861,,CLT EFFET,REMISE EFFETS/ESCOMPTE AGENCE REMISE N:1,6941,2025-04-03,17563.0,369567.861,BEB24000193,9914964416,CLT EFFET,Validation Effet escompté en Banque,83.75
12331,2025-04-07,375074.704,,CLT EFFET,REMISE EFFETS/ESCOMPTE AGENCE REMISE N:2,6962,2025-04-07,64522.047,375074.704,BEB24000205,9914964222,CLT EFFET,Validation Effet escompté en Banque,83.75
12335,2025-04-07,-27016.939,010155424409,FRS EFFET,PAYEMENT EFFET 070425  010155424409,6961,2025-04-07,-27016.939,-27016.939,EFB250000253,10155424409,FRS EFFET,Paiement Traite Fournisseur,83.75
12342,2025-04-08,-32143.374,010396952469,FRS EFFET,PAYEMENT EFFET 080425  010396952469,6974,2025-04-08,-32143.374,-32143.374,EFB250000255,10396952469,FRS EFFET,Paiement Traite Fournisseur,83.75
12351,2025-04-08,-16086.758,10396906394,CLT EFFET,REPRISE ESCOMPTE EFFET REJETE 070425 LCN 10396906394,6977,2025-04-08,-16086.758,-16086.758,BVC250000572,10396906394,CLT EFFET,Valider Impayé via escompte,83.75
12353,2025-04-10,477220.288,,CLT EFFET,REMISE EFFETS/ESCOMPTE AGENCE REMISE N:3,6979,2025-04-10,7800.715,477220.288,BEB24000206,9914969945,CLT EFFET,Validation Effet escompté en Banque,83.75
12357,2025-04-10,-188871.671,,FRS EFFET,REGLEMENT EFFET ESCOMPTE 090425,6978,2025-04-10,-188871.671,-188871.671,EFB250000265,10155402487,FRS EFFET,Paiement Traite Fournisseur,83.75
12375,2025-04-14,-319409.741,010155420044,FRS EFFET,PAYEMENT EFFET 130425  010155420044,7026,2025-04-14,-319409.741,-319409.741,EFB250000269,10155420044,FRS EFFET,Paiement Traite Fournisseur,83.75
12379,2025-04-14,-42207.729,010155423924,FRS EFFET,PAYEMENT EFFET 140425  010155423924,7025,2025-04-14,-42207.729,-42207.729,EFB250000268,10155423924,FRS EFFET,Paiement Traite Fournisseur,83.75
12387,2025-04-14,-106980.617,010155427028,FRS EFFET,PAYEMENT EFFET 140425  010155427028,7023,2025-04-14,-106980.617,-106980.617,EFB250000266,10155427028,FRS EFFET,Paiement Traite Fournisseur,83.75
12397,2025-04-15,-31717.723,010396952760,FRS EFFET,PAYEMENT EFFET 150425  010396952760,7047,2025-04-15,-31717.723,-31717.723,EFB250000280,10396952760,FRS EFFET,Paiement Traite Fournisseur,83.75
12401,2025-04-15,-38457.54,,FRS EFFET,REGLEMENT EFFET ESCOMPTE 150425,7046,2025-04-15,-38457.54,-38457.54,EFB250000279,10109485112,FRS EFFET,Paiement Traite Fournisseur,83.75
12419,2025-04-17,-3658.567,010396912214,FRS EFFET,PAYEMENT EFFET 170425  010396912214,7054,2025-04-17,-3658.567,-3658.567,EFB250000284,10396912214,FRS EFFET,Paiement Traite Fournisseur,83.75
12424,2025-04-18,-19003.763,,FRS EFFET,REGLEMENT EFFET ESCOMPTE 050425,7055,2025-04-18,-19003.763,-19003.763,EFB250000288,10396952566,FRS EFFET,Paiement Traite Fournisseur,83.75
12426,2025-04-21,35283.235,,CLT EFFET,PAYEMENT EFFET/ENCAISSEMENT LCN 010155440802,7068,2025-04-21,35283.235,35283.235,BEB24000211,10155440802,CLT EFFET,Validation Effet escompté en Banque,83.75
12431,2025-04-21,-29979.559,010396950238,FRS EFFET,PAYEMENT EFFET 190425  010396950238,7071,2025-04-21,-29979.559,-29979.559,EFB250000293,10396950238,FRS EFFET,Paiement Traite Fournisseur,83.75
12435,2025-04-21,-70972.908,010155423827,FRS EFFET,PAYEMENT EFFET 200425  010155423827,7070,2025-04-21,-70972.908,-70972.908,EFB250000292,10155423827,FRS EFFET,Paiement Traite Fournisseur,83.75
12462,2025-04-24,-96479.932,010155422954,FRS EFFET,PAYEMENT EFFET 240425  010155422954,7079,2025-04-24,-96479.932,-96479.932,EFB250000303,10155422954,FRS EFFET,Paiement Traite Fournisseur,83.75
12463,2025-04-25,113710.578,,CLT EFFET,REMISE EFFETS/ESCOMPTE AGENCE REMISE N:2,7082,2025-04-25,13835.042,113710.578,BEB24000215,10396924145,CLT EFFET,Validation Effet escompté en Banque,83.75
12467,2025-04-25,-38457.54,,FRS EFFET,REGLEMENT EFFET ESCOMPTE 250425,7081,2025-04-25,-38457.54,-38457.54,EFB250000304,10109485209,FRS EFFET,Paiement Traite Fournisseur,83.75
12471,2025-04-28,-7334.8,010155423148,FRS EFFET,PAYEMENT EFFET 270425  010155423148,7090,2025-04-28,-7334.8,-7334.8,EFB250000312,10155423148,FRS EFFET,Paiement Traite Fournisseur,83.75
12475,2025-04-28,-49492.765,010155403263,FRS EFFET,PAYEMENT EFFET 260425  010155403263,7089,2025-04-28,-49492.765,-49492.765,EFB250000311,10155403263,FRS EFFET,Paiement Traite Fournisseur,83.75
12480,2025-04-28,11308.708,009914970721,CLT EFFET,PAYEMENT EFFET/ENCAISSEMENT LCN 009914970721,7091,2025-04-28,11308.708,11308.708,BEB24000214,9914970721,CLT EFFET,Validation Effet escompté en Banque,83.75
12488,2025-04-29,-160871.911,010396947425,FRS EFFET,PAYEMENT EFFET 290425  010396947425,7101,2025-04-29,-160871.911,-160871.911,EFB250000319,10396947425,FRS EFFET,Paiement Traite Fournisseur,83.75
12492,2025-04-29,-94221.926,010396950529,FRS EFFET,PAYEMENT EFFET 290425  010396950529,7100,2025-04-29,-94221.926,-94221.926,EFB250000318,10396950529,FRS EFFET,Paiement Traite Fournisseur,83.75
12502,2025-04-30,95847.659,,CLT EFFET,REMISE EFFETS/ESCOMPTE AGENCE REMISE N:2,7126,2025-04-30,1070.0,95847.659,BEB24000221,10396929771,CLT EFFET,Validation Effet escompté en Banque,83.75
12509,2025-04-30,67502.249,0441834,CLT CHQ,ENCAISSEMENT REMISE CHEQUES DU 29 04 2025 Bordereau No0441834,7094,2025-04-29,20000.0,67502.249,BVC250000477,7558762,CLT CHQ,Chèque en Banque,82.5
12511,2025-05-02,346674.32,,CLT EFFET,REMISE EFFETS/ESCOMPTE AGENCE REMISE N:2,7152,2025-05-02,42523.187,346674.32,EES250000201,10396979629,CLT EFFET,Validation Effet encaissé en Banque,83.75
12515,2025-05-02,-30076.247,010155425282,FRS EFFET,PAYEMENT EFFET 010525  010155425282,7151,2025-05-02,-30076.247,-30076.247,EFB250000327,10155425282,FRS EFFET,Paiement Traite Fournisseur,83.75
12534,2025-05-02,44195.754,0000481,CLT CHQ,ENCAISSEMENT REMISE CHEQUES DU 30 04 2025 Bordereau No0000481,7119,2025-04-30,12193.543,44195.754,BVC250000481,9200125,CLT CHQ,Chèque en Banque,81.25
12537,2025-05-02,4099.838,6150859,CLT VIR,VIREMENT REÇU 6150859   EDDALY BAHA,7118,2025-04-30,4099.838,4099.838,VICL210463,1,CLT VIR,Virement Reçu,81.25
12540,2025-05-02,4212.03,6150857,CLT VIR,VIREMENT REÇU 6150857   EDDALY BAHA,7117,2025-04-30,4212.03,4212.03,VICL210462,1,CLT VIR,Virement Reçu,81.25
12543,2025-05-02,4907.107,6150852,CLT VIR,VIREMENT REÇU 6150852   EDDALY BAHA,7116,2025-04-30,4907.107,4907.107,VICL210461,1,CLT VIR,Virement Reçu,81.25
12578,2025-05-05,-116464.101,010155415776,FRS EFFET,PAYEMENT EFFET 040525  010155415776,7174,2025-05-05,-116464.101,-116464.101,EFB250000333,10155415776,FRS EFFET,Paiement Traite Fournisseur,83.75
12583,2025-05-05,-35337.088,,FRS EFFET,REGLEMENT EFFET ESCOMPTE 030525,7173,2025-05-05,-35337.088,-35337.088,EFB250000332,10396949171,FRS EFFET,Paiement Traite Fournisseur,83.75
12587,2025-05-05,-43385.172,,FRS EFFET,REGLEMENT EFFET ESCOMPTE 030525,7172,2025-05-05,-43385.172,-43385.172,EFB250000331,9914953261,FRS EFFET,Paiement Traite Fournisseur,83.75
12591,2025-05-05,48498.194,0000482,CLT CHQ,ENCAISSEMENT REMISE CHEQUES DU 30 04 2025 Bordereau No0000482,7123,2025-04-30,18498.194,48498.194,BVC250000482,4095253,CLT CHQ,Chèque en Banque,78.75
12600,2025-05-07,-45085.936,,FRS EFFET,REGLEMENT EFFET/ENCAISSEMENT 050525,7190,2025-05-07,-45085.936,-45085.936,EFB250000340,10396950432,FRS EFFET,Paiement Traite Fournisseur,83.75
12604,2025-05-08,-43824.475,010396952178,FRS EFFET,PAYEMENT EFFET 070425  010396952178,7193,2025-05-08,-43824.475,-43824.475,EFB250000344,10396952178,FRS EFFET,Paiement Traite Fournisseur,83.75
12608,2025-05-08,-49675.718,,FRS EFFET,REGLEMENT EFFET ESCOMPTE 010525,7194,2025-05-08,-49675.718,-49675.718,EFB250000345,10396955767,FRS EFFET,Paiement Traite Fournisseur,83.75
12628,2025-05-12,-38503.639,,FRS EFFET,REGLEMENT EFFET ESCOMPTE 100525,7232,2025-05-12,-38503.639,-38503.639,EFB250000353,10155426543,FRS EFFET,Paiement Traite Fournisseur,83.75
12632,2025-05-12,-386319.171,010396968280,FRS EFFET,PAYEMENT EFFET 110525  010396968280,7231,2025-05-12,-386319.171,-386319.171,EFB250000352,10396956543,FRS EFFET,Paiement Traite Fournisseur,83.75
12636,2025-05-12,-26273.976,010155424312,FRS EFFET,PAYEMENT EFFET 100525  010155424312,7230,2025-05-12,-26273.976,-26273.976,EFB250000351,10155424312,FRS EFFET,Paiement Traite Fournisseur,83.75
12645,2025-05-13,-31784.75,010396967116,FRS EFFET,PAYEMENT EFFET 130525  010396967116,7242,2025-05-13,-31784.75,-31784.75,EFB250000359,10396955379,FRS EFFET,Paiement Traite Fournisseur,83.75
12666,2025-05-16,-245270.411,,FRS EFFET,REGLEMENT EFFET ESCOMPTE 160525,7254,2025-05-16,-245270.411,-245270.411,EFB250000364,10155424991,FRS EFFET,Paiement Traite Fournisseur,83.75
12684,2025-05-19,42491.006,6256105,CLT VIR,VIREMENT REÇU 6256105   ANANE HATEM BEN SADOK,7255,2025-05-16,42491.006,42491.006,VICL210490,1,CLT VIR,Virement Reçu,82.5
12708,2025-05-22,-82686.201,010396966340,FRS EFFET,PAYEMENT EFFET 220525  010396966340,7270,2025-05-22,-82686.201,-82686.201,EFB250000377,10396954506,FRS EFFET,Paiement Traite Fournisseur,83.75
12728,2025-05-26,-37026.395,010396952663,FRS EFFET,PAYEMENT EFFET 250525  010396952663,7280,2025-05-26,-37026.395,-37026.395,EFB250000391,10396952663,FRS EFFET,Paiement Traite Fournisseur,83.75
12732,2025-05-26,-24558.288,010396956737,FRS EFFET,PAYEMENT EFFET 250525  010396956737,7279,2025-05-26,-24558.288,-24558.288,EFB250000390,10396956737,FRS EFFET,Paiement Traite Fournisseur,83.75
12736,2025-05-26,-49492.765,010155403554,FRS EFFET,PAYEMENT EFFET 260525  010155403554,7278,2025-05-26,-49492.765,-49492.765,EFB250000389,10155403554,FRS EFFET,Paiement Traite Fournisseur,83.75
12751,2025-05-28,-99549.382,010396951596,FRS EFFET,PAYEMENT EFFET 280525  010396951596,7288,2025-05-28,-99549.382,-99549.382,EFB250000399,10396951596,FRS EFFET,Paiement Traite Fournisseur,83.75
12754,2025-05-28,17777.528,4907014,CLT VIR,VIREMENT REÇU 4907014   PHARMACIE ESSBOUI FAROUK,7287,2025-05-28,17777.528,17777.528,VICL210505,1,CLT VIR,Virement Reçu,83.75
12758,2025-05-29,-378431.206,010396950820,FRS EFFET,PAYEMENT EFFET 290525  010396950820,7289,2025-05-29,-378431.206,-378431.206,EFB250000401,10396950820,FRS EFFET,Paiement Traite Fournisseur,83.75
12764,2025-06-02,-13944.839,,FRS EFFET,REGLEMENT EFFET ESCOMPTE 310525,7292,2025-06-02,-13944.839,-13944.839,EFB250000409,10155417716,FRS EFFET,Paiement Traite Fournisseur,83.75
12768,2025-06-02,-141372.0,010396954118,FRS EFFET,PAYEMENT EFFET 310525  010396954118,7291,2025-06-02,-141372.0,-141372.0,EFB250000408,10396954118,FRS EFFET,Paiement Traite Fournisseur,83.75
12797,2025-06-03,-90578.606,,FRS EFFET,REGLEMENT EFFET ESCOMPTE 030625,7301,2025-06-03,-90578.606,-90578.606,EFB250000412,10396949850,FRS EFFET,Paiement Traite Fournisseur,83.75
12815,2025-06-04,-168983.183,010155405494,FRS EFFET,PAYEMENT EFFET 040625  010155405494,7303,2025-06-04,-168983.183,-168983.183,EFB250000413,10155405494,FRS EFFET,Paiement Traite Fournisseur,83.75
12818,2025-06-04,18944.856,5006803,CLT VIR,VIREMENT REÇU 5006803   PHARMACIE ESSBOUI FAROUK,7302,2025-06-04,18944.856,18944.856,VICL210518,1,CLT VIR,Virement Reçu,83.75
12821,2025-06-05,791295.752,,CLT EFFET,REMISE EFFETS/ESCOMPTE AGENCE REMISE N:1,7304,2025-06-05,20000.0,791295.752,BEB24000264,10396676989,CLT EFFET,Validation Effet escompté en Banque,83.75
12854,2025-06-09,-52343.715,010155462918,FRS EFFET,PAYEMENT EFFET 090625  010155462918,7335,2025-06-09,-52343.715,-52343.715,EFB250000423,100155462918,FRS EFFET,Paiement Traite Fournisseur,83.75
12858,2025-06-09,-79780.444,010396966437,FRS EFFET,PAYEMENT EFFET 080625  010396966437,7334,2025-06-09,-79780.444,-79780.444,EFB250000422,10396954603,FRS EFFET,Paiement Traite Fournisseur,83.75
12866,2025-06-09,-82571.285,,FRS EFFET,REGLEMENT EFFET/ENCAISSEMENT 070625,7332,2025-06-09,-82571.285,-82571.285,EFB250000420,10396970414,FRS EFFET,Paiement Traite Fournisseur,83.75
12885,2025-06-10,-55106.639,010396970511,FRS EFFET,PAYEMENT EFFET 100625  010396970511,7341,2025-06-10,-55106.639,-55106.639,EFB250000432,10396970511,FRS EFFET,Paiement Traite Fournisseur,83.75
12889,2025-06-10,-55914.476,009801161882,FRS EFFET,PAYEMENT EFFET 100625  009801161882,7342,2025-06-10,-55914.476,-55914.476,EFB250000433,9801161882,FRS EFFET,Paiement Traite Fournisseur,83.75
12890,2025-06-10,90706.947,,CLT EFFET,REMISE EFFETS/ESCOMPTE AGENCE REMISE N:3,7349,2025-06-10,34493.718,90706.947,BEB24000297,10601127187,CLT EFFET,Validation Effet escompté en Banque,83.75
12891,2025-06-10,95242.61,,CLT EFFET,REMISE EFFETS/ESCOMPTE AGENCE REMISE N:2,7343,2025-06-10,23259.546,95242.61,BEB24000293,10396670975,CLT EFFET,Validation Effet escompté en Banque,83.75
12895,2025-06-11,-38709.674,010155427125,FRS EFFET,PAYEMENT EFFET 100625  010155427125,7353,2025-06-11,-38709.674,-38709.674,EFB250000434,10155427125,FRS EFFET,Paiement Traite Fournisseur,83.75
12902,2025-06-12,126417.118,,CLT EFFET,REMISE EFFETS/ESCOMPTE AGENCE REMISE N:4,7370,2025-06-12,17500.0,126417.118,BEB24000271,10816989823,CLT EFFET,Validation Effet escompté en Banque,83.75
12913,2025-06-13,-11709.65,,FRS EFFET,REGLEMENT EFFET ESCOMPTE 130625,7373,2025-06-13,-11709.65,-11709.65,EFB250000442,10396956349,FRS EFFET,Paiement Traite Fournisseur,83.75
12935,2025-06-20,-32224.046,009801168866,FRS EFFET,PAYEMENT EFFET 090625  009801168866,7385,2025-06-20,-32224.046,-32224.046,EFB250000454,9801168866,FRS EFFET,Paiement Traite Fournisseur,83.75
12939,2025-06-20,-39716.424,010396975943,FRS EFFET,PAYEMENT EFFET 200625  010396975943,7386,2025-06-20,-39716.424,-39716.424,EFB250000455,10396975943,FRS EFFET,Paiement Traite Fournisseur,83.75
12944,2025-06-23,-60002.121,010396976137,FRS EFFET,PAYEMENT EFFET 070625  010396976137,7387,2025-06-23,-60002.121,-60002.121,EFB250000465,10396976137,FRS EFFET,Paiement Traite Fournisseur,83.75
12952,2025-06-24,-35410.137,010155463694,FRS EFFET,PAYEMENT EFFET 240625  010155463694,7393,2025-06-24,-35410.137,-35410.137,EFB250000466,10155463694,FRS EFFET,Paiement Traite Fournisseur,83.75
12963,2025-06-25,-50927.538,010396975846,FRS EFFET,PAYEMENT EFFET 250625  010396975846,7402,2025-06-25,-50927.538,-50927.538,EFB250000469,10396975846,FRS EFFET,Paiement Traite Fournisseur,83.75
12973,2025-06-27,11937.8,,CLT EFFET,REMISE EFFETS/ESCOMPTE AGENCE REMISE N:2,7411,2025-06-27,11937.8,11937.8,BEB24000296,10816986525,CLT EFFET,Validation Effet escompté en Banque,83.75
12981,2025-06-27,-22456.616,010396993306,FRS EFFET,PAYEMENT EFFET 270625  010396993306,7409,2025-06-27,-22456.616,-22456.616,EFB250000474,10396993306,FRS EFFET,Paiement Traite Fournisseur,83.75
12985,2025-06-27,-35730.187,010155465246,FRS EFFET,PAYEMENT EFFET 250625  010155465246,7408,2025-06-27,-35730.187,-35730.187,EFB250000473,10155465246,FRS EFFET,Paiement Traite Fournisseur,83.75
12989,2025-06-27,-122938.243,,FRS EFFET,REGLEMENT EFFET ESCOMPTE 260625,7407,2025-06-27,-122938.243,-122938.243,EFB250000472,10396975264,FRS EFFET,Paiement Traite Fournisseur,83.75
13001,2025-06-30,60816.411,,CLT EFFET,REMISE EFFETS/ESCOMPTE AGENCE REMISE N:4,7430,2025-06-30,7254.904,60816.411,BEB24000295,10840073980,CLT EFFET,Validation Effet escompté en Banque,83.75
13002,2025-06-30,273631.428,,CLT EFFET,REMISE EFFETS/ESCOMPTE AGENCE REMISE N:3,7425,2025-06-30,10909.574,273631.428,BEB24000294,10815201725,CLT EFFET,Validation Effet escompté en Banque,83.75
11445,2025-01-06,-20859.961,010109447476,FRS EFFET,PAYEMENT EFFET 040125  010109447476,6384,2025-01-06,-20859.961,-20859.961,EFB250000007,10109447476,FRS EFFET,Paiement Traite Fournisseur,83.75
11490,2025-01-15,-902.211,4882430,FRS CHQ,PAYEMENT CHEQUE 4882430 PAYEMENT CHEQUE,6434,2025-01-15,-902.211,-902.211,CHP250000104,4882430,FRS CHQ,Paiement ChèquesFournisseur,83.75
11500,2025-01-15,-80573.51,010155405979,FRS EFFET,PAYEMENT EFFET 070125  010155405979,6428,2025-01-15,-80573.51,-80573.51,EFB250000035,10155405979,FRS EFFET,Paiement Traite Fournisseur,83.75
11507,2025-01-15,81779.721,5380157,CLT VIR,VIREMENT REÇU 5380157   ANANE HATEM BEN SADOK,6426,2025-01-14,81779.721,81779.721,VICL210263,1,CLT VIR,Virement Reçu,82.5
11512,2025-01-16,-66109.737,010109460474,FRS EFFET,PAYEMENT EFFET 160125  010109460474,6440,2025-01-16,-66109.737,-66109.737,EFB250000039,10109460474,FRS EFFET,Paiement Traite Fournisseur,83.75
11519,2025-01-17,-813.653,4882433,FRS CHQ,PAYEMENT CHEQUE 4882433 PAYEMENT CHEQUE,6446,2025-01-17,-813.653,-813.653,CHP250000045,4882433,FRS CHQ,Paiement ChèquesFournisseur,83.75
11521,2025-01-17,-5764.503,4882431,FRS CHQ,PAYEMENT CHEQUE 4882431 PAYEMENT CHEQUE,6444,2025-01-17,-5764.503,-5764.503,CHP250000043,4882431,FRS CHQ,Paiement ChèquesFournisseur,83.75
11537,2025-01-20,-99439.925,010109459407,FRS EFFET,PAYEMENT EFFET 180125  010109459407,6472,2025-01-20,-99439.925,-99439.925,EFB240000757,10109459407,FRS EFFET,Paiement Traite Fournisseur,83.75
11553,2025-01-20,-32961.15,,FRS EFFET,REGLEMENT EFFET ESCOMPTE 190125,6467,2025-01-20,-32961.15,-32961.15,EFB250000042,10031591493,FRS EFFET,Paiement Traite Fournisseur,83.75
11557,2025-01-20,-11910.77,,FRS EFFET,REGLEMENT EFFET ESCOMPTE 180125,6473,2025-01-20,-11910.77,-11910.77,EFB240000755,101094555527,FRS EFFET,Paiement Traite Fournisseur,83.75
11563,2025-01-21,-6173.806,4882392,FRS CHQ,PAYEMENT CHEQUE 4882392 PAYEMENT CHEQUE,6492,2025-01-21,-6173.806,-6173.806,CHP250000055,4882392,FRS CHQ,Paiement ChèquesFournisseur,83.75
13029,2025-06-30,9094.905,0049319,CLT CHQ,ENCAISSEMENT REMISE CHEQUES DU 27 06 2025 Bordereau No0049319,7406,2025-06-27,9094.905,9094.905,BVC250000717,9383572,CLT CHQ,Chèque en Banque,82.5
13032,2025-06-30,57375.535,0049316,CLT CHQ,ENCAISSEMENT REMISE CHEQUES DU 27 06 2025 Bordereau No0049316,7396,2025-06-25,29679.121,57375.535,BVC250000711,44,CLT CHQ,Chèque en Banque,78.75
11582,2025-01-22,-23604.288,4882391,FRS CHQ,PAYEMENT CHEQUE 4882391 PAYEMENT CHEQUE,6506,2025-01-22,-23604.288,-23604.288,CHP250000070,4882391,FRS CHQ,Paiement ChèquesFournisseur,83.75
11619,2025-01-27,-28409.897,4882388,FRS CHQ,PAYEMENT CHEQUE 4882388 PAYEMENT CHEQUE,6521,2025-01-27,-28409.897,-28409.897,CHP250000077,4882388,FRS CHQ,Paiement ChèquesFournisseur,83.75
11632,2025-01-27,-11141.756,010109464063,FRS EFFET,PAYEMENT EFFET 270125  010109464063,6519,2025-01-27,-11141.756,-11141.756,EFB250000052,10109464063,FRS EFFET,Paiement Traite Fournisseur,83.75
11642,2025-01-28,-2989.788,4882414,FRS CHQ,PAYEMENT CHEQUE 4882414 PAYEMENT CHEQUE,6543,2025-01-28,-2989.788,-2989.788,CHP250000087,4882414,FRS CHQ,Paiement ChèquesFournisseur,83.75
11661,2025-01-28,-19564.669,10287816411,CLT EFFET,REPRISE ESCOMPTE EFFET REJETE 270125 LCN 10287816411,6549,2025-01-28,-19564.669,-19564.669,BVC250000114,10287816411,CLT EFFET,Valider Impayé via escompte,83.75
11672,2025-01-30,-30186.646,4882418,FRS CHQ,PAYEMENT CHEQUE 4882418 PAYEMENT CHEQUE,6556,2025-01-30,-30186.646,-30186.646,CHP250000100,4882418,FRS CHQ,Paiement ChèquesFournisseur,83.75
11718,2025-02-03,-85764.228,10287801764,CLT EFFET,REPRISE ESCOMPTE EFFET REJETE 310125 LCN 10287801764,6571,2025-02-03,-85764.228,-85764.228,BVC250000145,10287201764,CLT EFFET,Valider Impayé via escompte,83.75
11739,2025-02-04,21000.0,560516,CLT VIR,VIREMENT REÇU 560516   KSIKSI HASSEN BEN MOHAMED MON,6584,2025-02-04,21000.0,21000.0,VICL210289,1,CLT VIR,Virement Reçu,83.75
11748,2025-02-05,-28134.504,,FRS EFFET,REGLEMENT EFFET ESCOMPTE 050225,6588,2025-02-05,-28134.504,-28134.504,EFB250000079,10155406367,FRS EFFET,Paiement Traite Fournisseur,83.75
11762,2025-02-07,-53775.284,010109464160,FRS EFFET,PAYEMENT EFFET 070225  010109464160,6602,2025-02-07,-53775.284,-53775.284,EFB250000083,10109464160,FRS EFFET,Paiement Traite Fournisseur,83.75
11812,2025-02-14,-86680.647,010109496073,FRS EFFET,PAYEMENT EFFET 140225  010109496073,6639,2025-02-14,-86680.647,-86680.647,EFB250000095,10109496073,FRS EFFET,Paiement Traite Fournisseur,83.75
11830,2025-02-17,-8989.361,009914945889,FRS EFFET,PAYEMENT EFFET 160225  009914945889,6647,2025-02-17,-8989.361,-8989.361,EFB250000102,9914945889,FRS EFFET,Paiement Traite Fournisseur,83.75
11866,2025-02-18,-23579.569,,FRS EFFET,REGLEMENT EFFET/ENCAISSEMENT 160225,6680,2025-02-18,-23579.569,-23579.569,EFB250000109,10155401711,FRS EFFET,Paiement Traite Fournisseur,83.75
11924,2025-02-25,-25112.592,,FRS EFFET,REGLEMENT EFFET ESCOMPTE 250225,6717,2025-02-25,-25112.592,-25112.592,EFB250000138,10155412963,FRS EFFET,Paiement Traite Fournisseur,83.75
12000,2025-03-03,-5289.106,010155422081,FRS EFFET,PAYEMENT EFFET 280225  010155422081,6744,2025-03-03,-5289.106,-5289.106,EFB250000161,10155422081,FRS EFFET,Paiement Traite Fournisseur,83.75
12009,2025-03-03,-28750.0,10155319843,CLT EFFET,REPRISE ESCOMPTE EFFET REJETE 280225 LCN 10155319843,6748,2025-03-03,-28750.0,-28750.0,BVC250000407,10155319843,CLT EFFET,Valider Impayé via escompte,83.75
12048,2025-03-04,194283.813,,CLT EFFET,REMISE EFFETS/ESCOMPTE AGENCE REMISE N:1,6771,2025-03-04,12595.121,194283.813,BEB24000156,10155443033,CLT EFFET,Validation Effet escompté en Banque,83.75
12089,2025-03-07,105067.1,0298358,CLT CHQ,ENCAISSEMENT REMISE CHEQUES DU 05 03 2025 Bordereau No0298358,6782,2025-03-05,17005.041,105067.1,BVC250000268,132401,CLT CHQ,Chèque en Banque,81.25
12143,2025-03-17,-38457.54,,FRS EFFET,REGLEMENT EFFET ESCOMPTE 160325,6830,2025-03-17,-38457.54,-38457.54,EFB250000187,10109484918,FRS EFFET,Paiement Traite Fournisseur,83.75
12146,2025-03-17,-28750.0,10155323238,CLT EFFET,REPRISE ESCOMPTE EFFET REJETE 140325 LCN 10155323238,6840,2025-03-17,-28750.0,-28750.0,BVC250000410,10155323238,CLT EFFET,Valider Impayé via escompte,83.75
12197,2025-03-21,-14971.932,010155406173,FRS EFFET,PAYEMENT EFFET 200325  010155406173,6889,2025-03-21,-14971.932,-14971.932,EFB250000214,10155406173,FRS EFFET,Paiement Traite Fournisseur,83.75
12229,2025-03-26,110548.401,2500037,CLT CHQ,ENCAISSEMENT REMISE CHEQUES DU 24 03 2025 Bordereau No2500037,6894,2025-03-24,30000.0,110548.401,BVC250000337,366,CLT CHQ,Chèque en Banque,81.25
12278,2025-04-02,-128995.128,009914954037,FRS EFFET,PAYEMENT EFFET 010425  009914954037,6924,2025-04-02,-128995.128,-128995.128,EFB250000238,9914954037,FRS EFFET,Paiement Traite Fournisseur,83.75
12316,2025-04-03,-33100.0,10155346712,CLT EFFET,REPRISE ESCOMPTE EFFET REJETE 310325 LCN 10155346712,6953,2025-04-03,-33100.0,-33100.0,BVC250000429,10155346809,CLT EFFET,Valider Impayé via escompte,83.75
12322,2025-04-03,-10000.0,10287817866,CLT EFFET,REPRISE ESCOMPTE EFFET REJETE 300325 LCN 10287817866,6958,2025-04-03,-10000.0,-10000.0,BVC250000571,10287817866,CLT EFFET,Valider Impayé via escompte,83.75
12371,2025-04-14,-44291.245,010155420529,FRS EFFET,PAYEMENT EFFET 140425  010155420529,7027,2025-04-14,-44291.245,-44291.245,EFB250000270,10155420529,FRS EFFET,Paiement Traite Fournisseur,83.75
12383,2025-04-14,-71253.458,010155420141,FRS EFFET,PAYEMENT EFFET 140425  010155420141,7024,2025-04-14,-71253.458,-71253.458,EFB250000267,10155420141,FRS EFFET,Paiement Traite Fournisseur,83.75
12388,2025-04-14,287701.447,,CLT EFFET,REMISE EFFETS/ESCOMPTE AGENCE REMISE N:1,7028,2025-04-14,23630.481,287701.447,BEB24000207,10155456128,CLT EFFET,Validation Effet escompté en Banque,83.75
12393,2025-04-15,-8179.701,010396952081,FRS EFFET,PAYEMENT EFFET 150425  010396952081,7048,2025-04-15,-8179.701,-8179.701,EFB250000281,10396952081,FRS EFFET,Paiement Traite Fournisseur,83.75
12404,2025-04-15,20662.006,6014948,CLT VIR,VIREMENT REÇU 6014948   ANANE HATEM BEN SADOK,7022,2025-04-14,20662.006,20662.006,VICL210429,1,CLT VIR,Virement Reçu,82.5
12427,2025-04-21,248008.293,,CLT EFFET,REMISE EFFETS/ESCOMPTE AGENCE REMISE N:1,7057,2025-04-21,89502.428,248008.293,BEB24000210,9914965871,CLT EFFET,Validation Effet escompté en Banque,83.75
12448,2025-04-22,-74103.194,010155428192,FRS EFFET,PAYEMENT EFFET 070425  010155428192,7074,2025-04-22,-74103.194,-74103.194,EFB250000299,10155428192,FRS EFFET,Paiement Traite Fournisseur,83.75
12478,2025-04-28,-23283.343,10287818060,CLT EFFET,REPRISE ESCOMPTE EFFET REJETE 250425 LCN 10287818060,7093,2025-04-28,-23283.343,-23283.343,BVC250000573,10287818060,CLT EFFET,Valider Impayé via escompte,83.75
12496,2025-04-29,-402911.952,010155410635,FRS EFFET,PAYEMENT EFFET 290425  010155410635,7099,2025-04-29,-402911.952,-402911.952,EFB250000317,10155410635,FRS EFFET,Paiement Traite Fournisseur,83.75
12506,2025-04-30,-14430.809,010396966146,FRS EFFET,PAYEMENT EFFET 220425  010396966146,7125,2025-04-30,-14430.809,-14430.809,EFB250000322,10396954312,FRS EFFET,Paiement Traite Fournisseur,83.75
12519,2025-05-02,-23614.391,,FRS EFFET,REGLEMENT EFFET ESCOMPTE 020525,7150,2025-05-02,-23614.391,-23614.391,EFB250000326,9914978093,FRS EFFET,Paiement Traite Fournisseur,83.75
12570,2025-05-05,-146210.301,010155417425,FRS EFFET,PAYEMENT EFFET 030525  010155417425,7175,2025-05-05,-146210.301,-146210.301,EFB250000334,10155417425,FRS EFFET,Paiement Traite Fournisseur,83.75
12712,2025-05-22,-10199.074,010155424021,FRS EFFET,PAYEMENT EFFET 220525  010155424021,7269,2025-05-22,-10199.074,-10199.074,EFB250000376,10155424021,FRS EFFET,Paiement Traite Fournisseur,83.75
12720,2025-05-23,-103838.149,010155422663,FRS EFFET,PAYEMENT EFFET 230525  010155422663,7275,2025-05-23,-103838.149,-103838.149,EFB250000380,10155422663,FRS EFFET,Paiement Traite Fournisseur,83.75
12862,2025-06-09,-43385.176,,FRS EFFET,REGLEMENT EFFET ESCOMPTE 070625,7333,2025-06-09,-43385.176,-43385.176,EFB250000421,9914953552,FRS EFFET,Paiement Traite Fournisseur,83.75
12903,2025-06-12,125108.304,,CLT EFFET,REMISE EFFETS/ESCOMPTE AGENCE REMISE N:3,7357,2025-06-12,8318.558,125108.304,BEB24000270,10396664670,CLT EFFET,Validation Effet escompté en Banque,83.75
12907,2025-06-12,-248388.251,010396916676,FRS EFFET,PAYEMENT EFFET 120625  010396916676,7356,2025-06-12,-248388.251,-248388.251,EFB250000440,10396916676,FRS EFFET,Paiement Traite Fournisseur,83.75
12959,2025-06-25,-174947.47,010396974585,FRS EFFET,PAYEMENT EFFET 250625  010396974585,7401,2025-06-25,-174947.47,-174947.47,EFB250000468,10396974585,FRS EFFET,Paiement Traite Fournisseur,83.75
12969,2025-06-25,47541.291,0049314,CLT CHQ,ENCAISSEMENT REMISE CHEQUES DU 24 06 2025 Bordereau No0049314,7389,2025-06-24,8369.243,47541.291,BVC250000706,146881,CLT CHQ,Chèque en Banque,82.5
12977,2025-06-27,-76661.84,010155463791,FRS EFFET,PAYEMENT EFFET 270625  010155463791,7410,2025-06-27,-76661.84,-76661.84,EFB250000475,10155463791,FRS EFFET,Paiement Traite Fournisseur,83.75
13026,2025-06-30,10537.478,0049320,CLT CHQ,ENCAISSEMENT REMISE CHEQUES DU 27 06 2025 Bordereau No0049320,7404,2025-06-27,4685.146,10537.478,BVC250000716,837,CLT CHQ,Chèque en Banque,82.5
